time,low,high,open,close,volume
1514442600,694.39,694.6,694.39,694.6,122.48137269000003
1514442300,691.4,694.42,691.4,694.42,285.9776806699999
1514442000,690.28,697.21,697.21,691.4,522.5592994000002
1514441700,693.5,698.23,693.62,697.21,872.7393542100001
1514441400,690.01,695.99,690.01,693.62,488.4590871800001
1514441100,687.45,693.85,692.77,690.01,1006.79592131
1514440800,688.58,694.92,690.85,692.77,768.87084633
1514440500,685.21,693.18,693.18,692.02,1150.2650207300003
1514440200,690.72,696.98,690.73,693.19,547.18905187
1514439900,687.5,693.13,690.53,689.17,1273.4297415800002
1514439600,687.5,700.83,699.41,690.53,1796.220982129999
1514439300,697.87,701.87,698.58,699.69,612.5352083099998
1514439000,696.86,707.22,700.97,698.57,1251.8636695500002
1514438700,696.5,701.34,700.83,700.72,914.7148779099999
1514438400,691.1,701.73,695,698.73,1397.7384242099995
1514438100,695,700.51,700.51,695,1145.2614245399989
1514437800,700.5,703.01,702.52,700.5,942.8703330200002
1514437500,702,708.24,707.8,702.52,542.58071518
1514437200,707.3,709.98,709.49,707.5,363.2291049
1514436900,707.23,710.22,708,709.99,477.82823705
1514436600,708,712.08,712.02,708.01,587.70418836
1514436300,708.99,717,716.99,712.02,499.0069494799998
1514436000,715.01,717,717,716.99,289.98185639
1514435700,713.9,719.5,719,717,452.5355351800001
1514435400,713.99,719,713.99,719,881.9381974199999
1514435100,707.63,714.91,714.91,713.99,838.71130328
1514434800,709,714.91,712.84,714.91,536.77651789
1514434500,708.27,714.91,708.27,710.99,926.0650007800002
1514434200,701.99,709.17,702,708.25,809.78253791
1514433900,700.01,705.96,705.96,702,852.7560477699998
1514433600,703.99,710,708.9,705.97,737.6298409800002
1514433300,705,710,706.9,709.71,745.0441901699999
1514433000,702.74,707,706.41,706.9,595.0596847300001
1514432700,701.61,709,704,706.41,1059.2510991
1514432400,693,706.98,693,703.99,1673.9509413399996
1514432100,693,702.39,702.39,693,1918.9642544299998
1514431800,696.73,710.35,701.11,702.38,2401.880290799999
1514431500,700.88,714,710,701.05,1476.1300277599996
1514431200,709.9,714.99,711,710,1312.0811543500004
1514430900,708,713.88,710,711,2120.665689219998
1514430600,699.6,710.01,699.61,710.01,2015.6172572299986
1514430300,693.08,704.42,702.64,699.61,1735.3570216499998
1514430000,695.23,705.03,695.24,704.64,1495.9625059599998
1514429700,688.65,708.92,688.66,695.23,3418.628044379996
1514429400,680,707.2,701.1,688.65,7770.127661500004
1514429100,701.01,711.28,711.01,701.11,3094.098944219999
1514428800,711,723,723,711,2186.582376689998
1514428500,723,729.99,729.99,723.01,819.374400419999
1514428200,729.99,733,733,729.99,216.10038994
1514427900,730,733.5,730,732.99,400.95272376000014
1514427600,729.88,730,729.88,730,225.63621545
1514427300,729.5,734.57,734.57,729.89,848.6805091800001
1514427000,734.56,738,738,734.56,233.62235337
1514426700,736.89,739.49,739.49,737.99,564.3709008
1514426400,733.03,739.5,734.26,739.49,1358.0006477099996
1514426100,733.56,734.26,733.56,734.26,555.88327632
1514425800,733,733.8,733.01,733.56,223.0101853
1514425500,729.99,733.49,730,733.01,449.1805783
1514425200,729.99,734.26,734.26,730,2114.0852886000002
1514424900,733.98,734.26,733.99,734.25,387.73815643
1514424600,732.17,733.99,733.01,733.99,459.0611740300001
1514424300,729.99,734.2,734.13,733.01,1802.4910463099986
1514424000,729.99,734.14,731.58,734.13,673.6668808400002
1514423700,729.99,735,733.92,731.58,1981.687218789998
1514423400,731.99,735.94,735.94,733.92,298.9884688699999
1514423100,733.36,736.57,735.37,735.94,367.8615541399999
1514422800,734.01,737.01,737.01,735.38,209.30628432999998
1514422500,729.99,737.09,729.99,737,498.6665287600001
1514422200,728.72,731.74,731.74,730,424.55949228
1514421900,729.2,737.51,737.5,731.97,1215.99832756
1514421600,735.67,738.99,735.68,737.51,480.95140317000005
1514421300,733.83,735.69,735.68,735.67,329.62168083000006
1514421000,730.83,735.86,735.82,735.68,549.3792186899999
1514420700,735.81,739.85,739.84,735.81,749.6405530800002
1514420400,739.32,739.9,739.81,739.84,232.08448462999996
1514420100,739.8,740,740,739.96,290.95177974
1514419800,739.99,742.31,741.47,740,347.74032297
1514419500,740.39,741.51,741.51,741.49,271.95338716000003
1514419200,739.99,741.72,740,741.51,275.8335653100001
1514418900,739.11,740.99,740.99,739.99,175.54092969000004
1514418600,738.5,742.5,742.02,741,353.6246958300002
1514418300,741.51,743.78,743.36,742.02,327.60668994
1514418000,742.85,743.94,742.85,743.36,345.73034084999995
1514417700,740.4,743,741.5,742.86,509.2742192400001
1514417400,739.99,742.5,740,741.51,1010.5100454799999
1514417100,739.03,740,739.03,739.99,344.66586134000005
1514416800,737.01,739.03,738.16,739.03,281.30237569
1514416500,738.15,739,739,738.16,251.55632879000012
1514416200,738.16,739,738.16,738.98,253.26440373000003
1514415900,738,738.89,738.13,738.17,229.66971837
1514415600,737.21,738.98,737.59,738.13,387.2499369600001
1514415300,736.99,738.79,737.99,737.59,411.86272883999993
1514415000,736.22,738,736.22,738,241.94352597000002
1514414700,735.63,736.25,735.63,736.18,211.68246319999997
1514414400,734.01,736.4,736.4,736,439.7125378500001
1514414100,735.42,737,736,736.4,326.18163592999997
1514413800,732,736,733.11,736,702.2345948199998
1514413500,732.62,734.91,733.4,733.99,396.59750866999997
1514413200,730.47,733.4,731.74,733.4,419.02632434
1514412900,728.28,732,728.76,730.91,772.2303316400003
1514412600,726.82,729.94,729.22,728.79,432.6656145100002
1514412300,726.45,731.89,731.56,729.22,226.30856806000003
1514412000,726.88,732.3,731.81,731.87,351.2469671399999
1514411700,731.18,732.28,732.28,731.8,175.24386622
1514411400,727.51,732.32,731.72,732.27,314.15088937
1514411100,729.13,733,729.13,731.83,354.07712194
1514410800,728.93,733.63,733.52,728.94,334.17168555
1514410500,732.8,734,733.86,733.51,253.71324145999998
1514410200,733.02,734.23,734.01,734,253.27235023999998
1514409900,731.25,734.99,734.92,734.05,420.8388814
1514409600,730.52,734.92,730.54,734.91,724.5881530300001
1514409300,729.52,732.88,732.36,730.53,398.7301384
1514409000,728.5,734.91,730,732.36,758.0494979300001
1514408700,721.98,730,721.98,730,1010.0423986499998
1514408400,720,724.8,724.8,721.99,349.63438677
1514408100,722,727.91,723.57,724.8,434.82603381
1514407800,722.28,724.9,724.62,723.27,265.40838248000006
1514407500,720.25,724.77,720.47,724.62,487.83708101
1514407200,718.36,723.23,718.36,720.47,634.00499727
1514406900,715,720,715.01,718.36,476.49994926000005
1514406600,714,722.82,722.82,715,1440.6739275899997
1514406300,721,728.99,727.94,722.82,487.8703072300001
1514406000,723.25,728,724.25,727.85,418.33927186000005
1514405700,720.46,725,722.84,724.25,335.15939357
1514405400,722,726.49,724.68,722.27,650.5076642100001
1514405100,722.3,728,727.2,722.49,505.5611125800001
1514404800,723.65,728,723.66,727.2,541.2605245
1514404500,720,724.47,722.05,723.66,1156.4560358200001
1514404200,722,728.99,728.93,722.05,869.39587947
1514403900,728.92,733,733,728.93,341.68063155999994
1514403600,732.99,737.41,736.01,732.99,419.12777472999994
1514403300,732.45,736.67,732.45,736.02,637.5515418400001
1514403000,730.22,739,738.88,732.45,792.4990808800006
1514402700,736,739.61,739.6,738.99,403.04842365
1514402400,738.64,739.8,738.65,739.6,432.18102479000004
1514402100,738.45,739.47,739.47,738.65,267.88612428
1514401800,735.74,739.47,735.75,739.46,456.50909507999995
1514401500,734,737.76,735,735.75,598.87912381
1514401200,730.64,735,730.64,735,341.68925448999994
1514400900,728.54,731.96,731.96,730.65,347.38789159
1514400600,731.53,732,731.6,731.96,305.1745056699999
1514400300,730.01,733.37,733.37,732.46,356.83560351000006
1514400000,726,735,726,733.37,1002.1461616699996
1514399700,722,726,723.64,726,355.3007304499999
1514399400,722.98,726.97,726.97,723.64,646.2849640500001
1514399100,723.06,734.01,734.01,726.97,1497.9097424199995
1514398800,734,734.9,734.9,734.01,408.55182494000013
1514398500,732.61,734.9,733.18,734.9,1053.28305947
1514398200,728.43,734.89,731,734.4,3014.397485439999
1514397900,727,731,727.01,731,1644.4235199299997
1514397600,722.41,727.4,726.23,727.01,1350.40188149
1514397300,726.22,728,726.9,726.32,804.51853599
1514397000,725.39,726.9,725.4,726.9,359.30989883999996
1514396700,720.49,726.41,720.5,725.39,667.0200443399999
1514396400,720,726.5,726,720.5,738.66968365
1514396100,724.59,728.53,724.88,726,899.85594018
1514395800,721,727.01,727.01,724.89,820.83813298
1514395500,719.79,728.16,719.8,727.01,2772.71743082
1514395200,716.49,719.8,716.49,719.8,572.8295547399999
1514394900,714.28,718.98,716.02,716.5,813.49029512
1514394600,711.93,719.99,711.93,717.01,940.66168114
1514394300,706,719.99,712.23,711.94,2142.343181099999
1514394000,708.3,715.73,715.72,711.93,2041.559771209999
1514393700,715,718.03,718.03,715.73,1456.91554925
1514393400,718.02,720,720,718.45,675.7148784600001
1514393100,717.8,720,720,720,566.8128347699999
1514392800,716.56,720,716.56,720,1006.7699718300004
1514392500,716.56,728.73,726.02,719,3041.532968749999
1514392200,726.02,736.07,736.02,726.02,1372.5092577900007
1514391900,736.02,740.69,740.04,736.51,393.59925970999996
1514391600,738.99,740.55,740.55,740.04,490.4601694600001
1514391300,740.2,741.99,741.97,740.55,271.49942744
1514391000,740.97,741.99,740.97,741.99,368.88627807999995
1514390700,740.13,742.35,742.32,740.97,534.7291430299999
1514390400,739.2,742.33,739.25,742.33,551.7414357
1514390100,738.5,739.98,739.38,739.2,321.0124694
1514389800,738.26,739.98,738.68,739.5,390.75602025999996
1514389500,733.59,739,736.51,739,442.47608247
1514389200,736.5,738.72,737.7,736.5,297.49617395
1514388900,737,741.32,741.32,737.69,447.95724039000015
1514388600,736.51,742.38,742.38,741.32,502.3178344000001
1514388300,735.26,744.01,735.26,742.37,964.8709518499999
1514388000,732.79,735.7,732.8,735.26,838.1921281099999
1514387700,731.28,732.8,731.29,732.8,1182.1554320600003
1514387400,730,731.98,730,731.29,344.93563658999994
1514387100,727,732.4,728.48,730,835.1530925500001
1514386800,727.36,736.85,736.85,728.46,1315.18705576
1514386500,731,738.89,738.89,736,2229.2430785799975
1514386200,738.88,741.84,741.84,738.89,624.4295293999999
1514385900,739.16,745.11,745.11,741.84,1740.0731767500006
1514385600,745.1,747.34,747.34,745.11,281.57815688
1514385300,746.3,754.01,754.01,746.3,680.1171324999998
1514385000,754,755.39,755.39,754.01,200.06222515
1514384700,755.4,755.42,755.42,755.4,254.23058754
1514384400,755.41,756.38,756.37,755.42,167.30676206
1514384100,754.02,756.8,754.02,756.12,238.9055301
1514383800,754.01,755.01,755.01,754.01,253.75620530000003
1514383500,755,757.7,757.69,755.01,305.8125119399999
1514383200,756.99,757.77,757.14,757.7,263.4267108599999
1514382900,754.11,757.77,756.96,757.15,553.1674942699997
1514382600,756.72,756.97,756.73,756.96,275.9933722300001
1514382300,754.1,756.97,754.1,756.72,254.85005539000002
1514382000,754.06,754.1,754.07,754.1,222.82340103
1514381700,754,754.82,754,754.07,246.3285770600001
1514381400,753.01,754.82,753.58,754,234.06696605000008
1514381100,752.25,754.48,752.26,753.58,207.47463709
1514380800,750.88,752.5,751.01,752.26,276.93244992
1514380500,751,754.87,752.67,751.01,208.68953721000005
1514380200,750.88,754,752.92,752.67,281.1014561300002
1514379900,752.21,757.42,757.08,752.85,258.29147581
1514379600,756.99,757.65,757.64,757.08,136.97952826
1514379300,756.01,757.64,756.63,757.64,119.05834229999999
1514379000,756.24,756.99,756.68,756.63,117.35857354999999
1514378700,755.71,756.68,755.71,756.68,174.36394919000003
1514378400,754.5,756.67,755.27,755.71,165.58131885
1514378100,755.25,756.68,756.68,755.27,174.76904636999998
1514377800,755.26,756.68,755.27,756.68,169.36990763
1514377500,754.99,756.61,755.1,755.26,144.64293501000003
1514377200,754.99,756.68,755,755.1,343.35106076
1514376900,754.99,755,755,754.99,129.58208814
1514376600,752.99,755,753,755,225.23831033000002
1514376300,752.2,753,752.21,753,248.02051860999995
1514376000,751.24,752.21,751.25,752.21,358.2248435700001
1514375700,748.78,752.5,752.35,751.25,387.16947408
1514375400,751.24,752.6,751.99,752.36,148.34761547
1514375100,750,751.99,750,751.99,132.26246916999997
1514374800,749.4,750,749.4,750,192.42444762
1514374500,748.69,749.44,748.7,749.4,119.09345229000002
1514374200,747.11,749.45,747.11,748.7,177.34484818999994
1514373900,747.1,749,748.99,747.12,305.31854852000004
1514373600,748.2,749,748.2,748.99,129.14396604
1514373300,748.12,748.2,748.12,748.2,85.61930691
1514373000,747.99,749.49,749.49,748.11,211.65891633000004
1514372700,749.49,751.02,751.01,749.5,145.09561781000002
1514372400,744.41,752.01,744.41,751.02,261.35263803000004
1514372100,742.95,744.46,742.95,744.46,262.37355388
1514371800,742.84,742.97,742.96,742.94,90.12636524999999
1514371500,742.96,744.54,743.9,742.96,222.26885693999998
1514371200,742.01,744,742.01,743.89,424.9873525700001
1514370900,741.35,742.5,741.35,742,478.03365330000025
1514370600,741.35,743.76,743.76,741.36,584.7491324200003
1514370300,743.76,747.19,747.19,743.77,718.3960590099996
1514370000,747.18,752.99,752.99,747.18,775.0696909799995
1514369700,752.88,753.7,753.69,753,189.42220232999992
1514369400,753,755,754.59,753.83,260.81901286999994
1514369100,753.99,754.6,753.99,754.59,150.49113221999997
1514368800,753.76,754,753.77,753.99,250.32914121999994
1514368500,753.5,754.57,753.5,753.77,161.35469414000002
1514368200,753,753.51,753.5,753.51,358.5003226399998
1514367900,753.5,754.95,754.95,753.5,1034.1025220700005
1514367600,753.8,759.23,758.48,753.8,794.4189923799997
1514367300,757.77,759.51,759.51,759.2,415.80469266
1514367000,759.5,760.94,760.06,759.5,314.92062998000006
1514366700,760.04,764.52,764.52,760.04,263.4520942799999
1514366400,763.92,764.54,763.92,764.52,175.11660067999998
1514366100,763.54,764,763.55,763.91,212.50876249999996
1514365800,763.54,763.55,763.54,763.55,90.14620851999999
1514365500,763.5,765.03,764.51,763.53,269.70300899
1514365200,764,765,764.01,764.51,120.06460487999999
1514364900,764,765.89,765.8,764.01,220.70653416
1514364600,764.11,766.34,764.11,765.8,207.91313226000005
1514364300,764.09,764.11,764.1,764.11,217.62079344999998
1514364000,763.53,764.1,763.54,764.1,147.40040473999997
1514363700,762.5,763.61,762.51,763.54,116.77406168000002
1514363400,762.5,762.51,762.5,762.5,207.29493872
1514363100,762.5,762.51,762.51,762.51,127.56818102
1514362800,762.5,762.51,762.51,762.51,129.19349668999996
1514362500,762.5,763.43,763.43,762.51,252.35861368000002
1514362200,763.41,765.4,765.39,763.43,217.15284063
1514361900,765.39,766.98,766.97,765.39,520.2424969399999
1514361600,766.97,766.98,766.98,766.98,104.55466109
1514361300,765.99,767,765.99,766.98,171.80501435999997
1514361000,765.43,766,765.43,765.99,134.56858375000002
1514360700,765.41,765.43,765.41,765.43,133.03784746000002
1514360400,765.41,765.42,765.41,765.42,88.95224601999999
1514360100,765.4,765.42,765.41,765.42,277.41525214
1514359800,765.41,766,765.42,765.42,218.27225561000003
1514359500,764.99,765.42,765,765.42,300.39369096
1514359200,764.97,765,764.98,765,76.52315833
1514358900,764.06,764.99,764.78,764.98,212.38054712000007
1514358600,764.78,765,764.96,764.78,207.76194607
1514358300,764.69,764.98,764.69,764.96,111.56133716000002
1514358000,764.11,764.94,764.12,764.7,174.90004642000002
1514357700,763.44,764.14,764.14,764.12,416.2784597600001
1514357400,764.13,765,764.99,764.14,401.8790949799998
1514357100,764.87,765,764.88,764.99,287.82073717000003
1514356800,763.86,764.88,763.86,764.88,266.6442862200001
1514356500,763.84,763.85,763.85,763.85,107.94904245000001
1514356200,763.84,763.98,763.84,763.85,236.84839142999996
1514355900,763.3,763.86,763.3,763.85,139.75386393000002
1514355600,762.94,763.3,762.95,763.3,193.05964206000002
1514355300,762.94,762.95,762.95,762.95,172.58340844000003
1514355000,761.82,762.95,761.82,762.95,298.87610541000004
1514354700,761.49,763,761.5,761.82,307.92576822000007
1514354400,760.99,761.5,761,761.49,182.08522299999998
1514354100,760.98,761,760.99,761,150.41941217000002
1514353800,760.42,760.99,760.42,760.99,198.81051295999998
1514353500,759.41,761,760.99,760.43,317.40831523
1514353200,759.98,761.51,761.51,761,587.2168325699998
1514352900,761.5,763,762.52,761.51,509.54953432
1514352600,762.14,763,762.14,762.51,221.80482209000002
1514532600,729.52,732.54,730,730.05,57.94559701
1514532300,727.99,732.61,730.53,730,541.6906835199999
1514532000,727.89,730.85,727.9,730.53,365.98543379999995
1514531700,727.48,731.02,731.01,727.9,1320.5605402600004
1514531400,731,735.97,735.97,731.01,680.50649966
1514531100,735.57,738.49,738.49,735.96,606.61829237
1514530800,736.74,742.07,742.07,738.49,747.4931145099999
1514530500,741,743.81,743.8,742.07,361.9448616299998
1514530200,743.8,744.74,744.73,743.81,701.5950578700001
1514529900,744.73,744.74,744.73,744.74,207.09412405999996
1514529600,744.2,744.74,744.22,744.74,193.85184575
1514529300,743.3,744.98,743.35,744.51,305.0199143899999
1514529000,743.34,745,745,743.35,240.71796292000002
1514528700,744.99,745,745,744.99,253.12937263000003
1514528400,743.99,745,744,745,489.04739086999984
1514528100,742.99,744,743,743.99,1022.4293553299999
1514527800,741.99,743,742,743,610.1760725299998
1514527500,740.01,742,740.02,742,404.32597493000003
1514527200,739.78,740.02,739.79,740.02,506.78962242999995
1514526900,739.12,741.42,741.42,739.78,467.92003153999985
1514526600,740.63,742,742,741.42,274.02683984
1514526300,740.99,742,741,742,408.6175583700001
1514526000,739.95,741,739.95,740.99,987.0335236300002
1514525700,738.99,739.95,739,739.94,725.4082443399998
1514525400,738.86,739,738.87,739,263.04599172
1514525100,738.06,738.92,738.92,738.87,394.1114079100001
1514524800,738.91,738.92,738.91,738.92,210.75844062
1514524500,738.78,738.92,738.79,738.92,182.12270335
1514524200,738.17,739,739,738.79,325.03303554000007
1514523900,737.34,739,737.34,738.99,387.95334986000006
1514523600,737.3,737.47,737.47,737.34,607.9724819800001
1514523300,736.12,738.99,738.9,737.46,565.3472027600001
1514523000,738.69,738.9,738.7,738.9,337.20027397
1514522700,738.48,738.7,738.48,738.7,275.0004766200001
1514522400,735.06,738.48,735.07,738.48,350.29795244000013
1514522100,735.06,738.01,738,735.07,686.9387790199999
1514521800,737.99,738.5,738,738.01,670.33762281
1514521500,737.99,738,737.99,738,937.9571766900003
1514521200,736.93,737.99,736.94,737.98,1277.4501960500002
1514520900,735.11,736.94,735.11,736.94,657.25271494
1514520600,735.01,736.01,736,735.12,448.59703692
1514520300,736,736.46,736.46,736.01,280.3645577
1514520000,736.45,736.5,736.5,736.45,177.06930684000002
1514519700,736.42,736.5,736.49,736.5,246.15671534999996
1514519400,736.48,736.5,736.5,736.49,221.58940866
1514519100,735.99,736.5,736,736.5,526.39496291
1514518800,733.04,736,735,736,476.68823843999996
1514518500,735,736,736,735.01,768.8801573999999
1514518200,735.99,736,736,736,297.39696069
1514517900,735.23,736,735.24,736,454.29654156000004
1514517600,735,735.24,735,735.24,502.72879781
1514517300,733.69,735.01,734.6,735.01,464.3867179800001
1514517000,733.77,734.9,734.17,734.6,420.32100611000016
1514516700,733.84,734.17,733.85,734.17,365.5744827600001
1514516400,733.1,734.91,734.3,733.85,498.11648808000007
1514516100,730.77,735.25,732.99,734.3,1378.4037932799988
1514515800,733,736,735,733.01,1901.8798621899996
1514515500,733.55,735,733.55,735,1029.7982451999999
1514515200,733,734,733,733.56,386.79385716000013
1514514900,729.93,733,729.94,733,595.61383749
1514514600,729.91,729.94,729.92,729.94,276.56988773999996
1514514300,729.9,729.92,729.91,729.92,1092.1394288899999
1514514000,729.89,729.92,729.91,729.91,267.29268831
1514513700,728.21,730,729.29,729.91,437.08429358
1514513400,727.99,732.11,728.18,728.2,1615.3161206699988
1514513100,722.76,728.18,722.77,728.18,2075.5463131199967
1514512800,719,722.77,719.01,722.77,224.83063313999997
1514512500,716.52,719.54,717.1,719.01,264.70099510000006
1514512200,716,717.1,716.02,717.09,237.19093433000003
1514511900,715.67,717.9,716.51,716.02,244.45361565000002
1514511600,715,717,716,716.9,262.60886835
1514511300,716,717.01,717,716.2,241.02683689000003
1514511000,717,719,718.01,717.01,229.18648396
1514510700,716.15,719.52,716.15,718.01,301.84548628
1514510400,715.56,716.78,715.99,716.15,256.78390988
1514510100,714.89,719.96,717.76,715.99,533.44271421
1514509800,716.31,723.33,720,717.82,677.25987383
1514509500,719.69,720.72,720.71,720,308.86311711
1514509200,720.01,723.3,721.82,720.72,297.3684923
1514508900,721.81,723.38,722.5,721.81,329.12426057000005
1514508600,722.5,725,724.6,722.51,428.04844656000006
1514508300,719.63,725,724.29,724.6,611.6829013200002
1514508000,722,725,722,724.73,424.2177496
1514507700,719.96,723.94,719.97,722.01,733.1364134699987
1514507400,719.4,719.97,719.69,719.97,192.99845381
1514507100,719.68,719.7,719.69,719.7,186.95215502
1514506800,718.92,719.89,719.49,719.69,227.58228640000007
1514506500,718.46,719.5,718.47,719.49,323.33298410000003
1514506200,717.2,719.21,717.2,718.46,391.97475915999996
1514505900,716.12,719.53,719.52,717.21,419.15444242
1514505600,719.49,719.95,719.5,719.55,496.88800463000007
1514505300,717.99,719.5,718,719.5,622.8660902700001
1514505000,715,718,716.09,718,430.9008084399999
1514504700,715,716.1,715.73,716.1,280.03850019
1514504400,715,716.07,716.07,715.73,259.26794670000004
1514504100,714.89,716.22,715.5,716.07,252.76648266
1514503800,712.1,715.5,715.25,715.5,426.93508020000013
1514503500,715.25,716,715.33,715.25,504.23328060000006
1514503200,714.77,715.38,714.78,715.34,306.77795935
1514502900,714.77,714.87,714.78,714.78,360.62307453999995
1514502600,713.37,715,713.38,714.78,845.13159957
1514502300,711.77,713.79,711.78,713.79,295.6039347700001
1514502000,711.76,711.78,711.77,711.78,238.1526275
1514501700,711.76,712.82,712.82,711.76,188.72259363
1514501400,711.76,713,711.76,712.82,190.17213731000004
1514501100,711.4,714.47,714.47,711.77,452.29621167999994
1514500800,713.8,714.47,713.8,714.46,447.01623283000004
1514500500,711.44,713.82,711.45,713.8,425.24868977999995
1514500200,710.01,711.45,710.7,711.44,540.99962612
1514499900,710.68,711,711,710.7,300.87585202
1514499600,709,711,709,710.99,417.66138274999986
1514499300,704.11,709,704.11,709,601.50943819
1514499000,703.6,704.11,703.6,704.11,274.32521938
1514498700,701,703.63,701,703.63,340.0531743899999
1514498400,700.76,701,700.76,701,240.94683275
1514498100,700.75,702.5,702,700.76,206.86414933000003
1514497800,699.53,702,700,702,226.64529345999998
1514497500,697.8,700,697.8,700,309.84061632000004
1514497200,697,698,697.34,697.8,208.35843863
1514496900,695.43,698.01,695.43,697.33,302.8883615
1514496600,695.41,695.8,695.42,695.42,449.87960546000005
1514496300,695.41,699,697,695.41,468.63213221999996
1514496000,697,700.01,700,697,573.6705428400003
1514495700,700,701.08,701.08,700.01,597.04426601
1514495400,700.03,701.5,701.15,701.49,219.24109757999997
1514495100,700.66,702.79,702.79,701.21,319.53903888
1514494800,699.76,702.8,699.77,702.79,244.42173236999997
1514494500,697.45,700.96,700.03,700.03,301.16801866
1514494200,699,701.02,699,700.02,201.21779883000002
1514493900,698.47,702,701.99,699,308.34109885
1514493600,701.47,702,701.47,702,279.87499712000005
1514493300,701,701.48,701.48,701.47,235.29109210000004
1514493000,697.46,701.5,698.46,701.48,423.89919241999996
1514492700,698.1,699.01,699.01,698.51,308.52379425999993
1514492400,699,704,703.99,699.01,549.4628804
1514492100,699.76,705.5,699.76,704,1140.27060091
1514491800,696.93,703.11,696.94,699.77,1909.6623822499982
1514491500,693.04,696.94,694.47,696.94,525.0356948700003
1514491200,690.99,694.47,691,694.46,369.2985759800002
1514490900,689.86,691.01,691.01,691,529.12777568
1514490600,691,692.85,691.58,691.01,620.2027433700001
1514490300,691.57,694.9,694,691.58,649.5166012099999
1514490000,690.01,694.5,690.01,693.99,598.7110732099999
1514489700,686.27,694.07,686.27,690.01,558.1784572600001
1514489400,686.25,694,692.88,686.27,839.1425990800002
1514489100,691.5,692.88,691.59,692.88,438.65830760000006
1514488800,688.75,691.6,689.01,691.59,916.39441973
1514488500,686.21,690,686.22,689.01,898.9673071699999
1514488200,681.4,688.94,684.98,686.22,1554.6341189799996
1514487900,682.12,689.8,682.12,685,969.3075360000001
1514487600,676.03,686.57,676.04,682.13,1220.1848588099997
1514487300,676.03,688.64,688.64,676.04,3121.7875961399977
1514487000,685.4,692.54,692.51,689.5,1258.65370769
1514486700,689.8,697.94,697.34,692.52,2167.9915936599987
1514486400,695,698.91,696.01,697.34,650.8381407400001
1514486100,696,698.99,697.32,696.01,377.68215719
1514485800,693,698.98,697.71,697.77,822.3311499299998
1514485500,695.11,699.99,698.06,697.5,572.5907063099999
1514485200,696.55,702.24,702.23,698.07,344.46170818
1514484900,698,702.51,698,702.23,508.96930853
1514484600,696.71,700,696.71,697.99,488.5416263499999
1514484300,696.55,703.5,701.95,696.72,745.5663031299999
1514484000,700.3,703.5,703.21,702.21,379.58928761
1514483700,703.09,704.88,703.09,703.22,417.80979293000007
1514483400,700.42,703.13,700.42,703.08,382.64982058999993
1514483100,700,703.15,703.15,700.42,530.5303015200001
1514482800,701.23,704.33,702.45,703.14,516.20153123
1514482500,695.64,703.65,695.64,700.54,710.4645850200001
1514482200,695,700.08,700.08,695.4,2072.3147203199987
1514481900,699.74,702.7,701.37,700.07,628.0380585799999
1514481600,700.01,706.44,706.44,701.77,783.6807409
1514481300,705,710.02,710,705,312.44031184000005
1514481000,708,716,708.06,710,1562.986858349998
1514480700,706.02,708.2,706.03,708.2,394.15715301
1514480400,698.38,709.4,698.38,706.03,1209.39767064
1514480100,697,713.49,713.49,698.38,2146.9863729299987
1514479800,713.48,717.29,716.28,713.48,806.2092144700002
1514479500,712,720.01,720.01,716.39,1432.0277409399994
1514479200,720,724.99,721.82,720,1608.8690509099995
1514478900,717.99,722,718,721.82,769.05636406
1514478600,717.17,721,717.51,718,1790.7290751099995
1514478300,715.75,718,715.76,718,955.2668396899999
1514478000,710.72,716,710.72,715.76,984.93440842
1514477700,708.09,710.92,708.09,710.73,484.0069073700001
1514477400,707.56,710.01,710,708.08,815.5812111800001
1514477100,710,712.86,712.86,710,721.0970689199999
1514476800,712.85,715.01,715.01,712.85,993.8790300899999
1514476500,714.75,716.58,714.75,715,701.14386756
1514476200,714.26,716.63,715.59,716.63,872.8004362199999
1514475900,715.39,716,715.4,715.59,517.9886283600001
1514475600,712.85,715.9,712.85,715.4,473.1347505999999
1514475300,712.5,716,714.81,712.86,733.90654123
1514475000,714.2,717.6,716.36,714.87,303.0873566
1514474700,711.97,717.79,717.69,716.71,602.6024281699998
1514474400,712.14,717.7,716.69,717.7,442.24172355999997
1514474100,715.44,717.95,716.91,716.99,262.94404858
1514473800,713.53,718.01,717.93,716.81,608.7337442200001
1514473500,715.51,717.94,715.54,717.94,502.64549438000006
1514473200,710.01,716.24,710.01,715.51,608.1808329200001
1514472900,710,711,710.99,710,263.7673189700001
1514472600,705,711,705.01,711,898.10420864
1514472300,701.5,705.01,704.71,705.01,325.19400393999996
1514472000,703.8,705.99,703.81,704.7,166.6725078
1514471700,703.8,706.97,705.47,703.8,281.31449984000005
1514471400,698.67,706.99,706.97,705.47,1185.1852963099993
1514471100,703,707.69,704.66,706.52,264.57204226000016
1514470800,701.93,705,703.75,704.69,192.58270795
1514470500,695.98,704.39,696.97,704.39,372.27374061
1514470200,694.63,697.99,697.98,696.97,622.9997294599999
1514469900,697.98,702.94,702.71,697.98,757.5870515999995
1514469600,701.18,705.9,705.89,702.71,2356.3384906099996
1514469300,705.01,706.39,705.92,705.9,355.6807244899999
1514469000,705.01,707.22,707.22,705.91,455.42588937000005
1514468700,705.14,709.17,709.16,707.21,424.58770976
1514468400,707.64,711.01,708.4,709.16,393.06972322
1514468100,708,710.44,710.44,708.4,463.32503632000004
1514467800,709.22,714,711.62,710.45,300.77348529
1514467500,709,713.49,712.61,711.62,359.31492559000003
1514467200,710.64,712.93,711.86,712.61,349.75539096
1514466900,708.17,713.49,708.56,712.66,437.4569473000002
1514466600,706,709.85,706.35,708.75,228.32825665999997
1514466300,705.65,708.65,708.64,705.82,291.12616736
1514466000,705.8,709.87,707.77,708.2,290.22204094000006
1514465700,705,709.66,708.98,707.76,211.99201740999987
1514465400,706.29,708.98,707.02,708.98,301.9855194400001
1514465100,699.27,707.02,699.27,707.02,517.0712677700004
1514464800,694.35,699.87,694.35,699.83,612.17462651
1514464500,691.3,694.99,691.78,694.35,213.15436515
1514464200,690.49,694.9,693.54,691.78,222.35343538
1514463900,692.02,694.88,692.02,693.54,531.2343255900001
1514463600,690.99,693.72,693.29,692.01,245.53505805999998
1514463300,692.09,694.85,694.57,693.3,263.59822598
1514463000,694,694.83,694.72,694.56,169.08482015
1514462700,692.3,694.8,694.01,694.8,242.19047671999996
1514462400,694,694.76,694.37,694,346.99656591
1514462100,690.52,694.76,690.52,694.58,292.06618126999996
1514461800,690.11,692,690.11,690.51,144.07635828000008
1514461500,690,694,691.1,691.7,172.5159470699999
1514461200,689.82,693.83,691.07,691.9,420.39631367000004
1514460900,687.97,691.09,689.07,690.82,318.20857605
1514460600,688.54,694.75,691.92,689.32,248.62416643000006
1514460300,688.34,694.41,690.01,691.93,248.68077528000006
1514460000,685.19,690.01,686.32,690.01,518.0919587099999
1514459700,683.12,689.22,684.53,683.67,419.71849653000015
1514459400,683.13,685.74,685.01,684.53,478.6468486399999
1514459100,685,685.71,685.18,685,424.4333431199999
1514458800,685.17,686.01,686.01,685.17,485.88496153000017
1514458500,686,690.12,690.12,686,771.0038293800001
1514458200,690.05,694.79,694.78,690.15,289.53738785000013
1514457900,692,695,693.67,694.79,388.8648719900001
1514457600,692.18,696.47,694.37,692.4,364.25472048999995
1514457300,694.2,700.31,700.31,694.36,395.26075641000006
1514457000,700.09,703.06,703.05,700.34,335.95228657999985
1514456700,703.05,703.09,703.09,703.06,176.77756523
1514456400,702.06,703.17,703.09,703.11,99.61232331999997
1514456100,702.01,704.98,704,703.09,185.3071747299999
1514455800,703.37,705.44,705.03,704,155.80512304000004
1514455500,702.01,705.05,702.01,705.03,112.22883313000011
1514455200,702,702.01,702.01,702.01,191.37327213999998
1514454900,702,704.3,704.2,702.01,296.2818290700001
1514454600,704,706.35,706.35,704.19,117.74102154000005
1514454300,703.88,706.96,706.95,706.55,263.1691812300004
1514454000,706.43,707.02,706.44,706.99,304.57880972
1514453700,704.84,706.45,704.85,706.43,280.32717126
1514453400,704.26,704.85,704.27,704.85,297.08495753999995
1514453100,702.71,704.27,702.71,704.26,221.21340418
1514452800,701.27,703.57,701.27,702.71,363.33541797
1514452500,699.01,702.49,700.42,701.87,257.88657851
1514452200,698.7,701.19,701.19,700.43,143.53000479000002
1514451900,700.96,702.4,700.97,701.18,188.21693933
1514451600,700.94,701,700.95,700.97,172.02526794000002
1514451300,697.62,700.97,697.62,700.94,234.90351996999988
1514451000,697.61,699.9,698.83,697.63,372.29673414
1514450700,696.79,699.89,697.89,698.95,273.63683888
1514450400,696.18,698,696.18,697.88,169.38193269
1514450100,695.89,696.19,695.89,696.19,182.41044490000002
1514449800,693.75,696,694.7,695.9,109.36282667000005
1514449500,693.75,696.19,693.75,694.7,206.58835552
1514449200,692,696.19,696.19,693.92,294.25260962999994
1514448900,692.28,699.19,699.19,696.19,357.78123103999997
1514448600,699.32,703.71,702,699.32,304.9860962899999
1514448300,701.06,702,701.62,702,129.12857688
1514448000,698.42,701.65,701,701.62,170.67902143999999
1514447700,701,702.28,701.68,701,242.11290397
1514447400,698.92,703.96,702.51,701.71,221.00656521999997
1514447100,701.64,704.28,704.28,702.51,184.07479587
1514446800,701.5,704.5,701.5,704.28,221.34380780999996
1514446500,697,701.51,698.7,701.51,358.63257243999993
1514446200,698.69,701.07,701.07,698.69,257.96359383999993
1514445900,700.5,704.61,704.61,700.5,212.91780022000003
1514445600,702.7,704.87,702.7,704.61,387.2076240299999
1514445300,698.01,703.72,698.01,702.7,524.08907029
1514445000,695.12,698.01,695.13,698.01,298.88976645
1514444700,694.06,695.5,694.06,695.13,196.26376944999998
1514444400,694.01,695.02,695.01,694.04,464.16275167
1514444100,693.98,696.27,693.98,695.01,364.88892031999995
1514443800,691.71,695,691.71,693.84,241.43895159000002
1514443500,690.11,695.21,695.21,691.57,417.06612643000005
1514443200,694.89,697,696.99,695.22,319.2510668500001
1514442900,696,697.29,697.25,697,249.14193118999998
1514442600,694.59,697.29,694.59,697.29,319.87821844
