time,low,high,open,close,volume
1486512000,11.15,11.65,11.51,11.41,88158.86526487865
1486425600,11.29,11.59,11.33,11.51,56981.38488792948
1486339200,11.22,11.42,11.27,11.34,47895.73172549979
1486252800,11.15,11.44,11.39,11.26,39382.95306944007
1486166400,10.98,11.45,10.99,11.41,89627.48669354981
1486080000,10.67,10.99,10.82,10.99,49696.946716190054
1485993600,10.62,10.86,10.73,10.82,48583.70326323071
1485907200,10.51,10.86,10.7,10.72,58400.82763664
1485820800,10.58,10.79,10.59,10.7,40509.602884669985
1485734400,10.37,10.71,10.5,10.6,42007.88104908952
1485648000,10.46,10.58,10.58,10.49,19237.128954929995
1485561600,10.47,10.58,10.55,10.58,26321.936807490216
1485475200,10.42,10.64,10.61,10.55,45845.48034511008
1485388800,10.5,10.67,10.54,10.6,43444.181718439926
1485302400,10.43,10.66,10.57,10.55,41045.88754222985
1485216000,10.51,10.92,10.79,10.57,55179.70253114004
1485129600,10.65,10.85,10.77,10.8,35338.62281061
1485043200,10.66,11.07,10.94,10.77,49893.01076167006
1484956800,10.58,11.06,10.65,10.93,60044.83210135978
1484870400,10.42,10.81,10.46,10.62,59455.01891866979
1484784000,10.18,10.5,10.24,10.42,47611.246614440104
1484697600,9.99,10.51,10.33,10.23,62955.27909692973
1484611200,9.65,10.53,9.66,10.34,70389.98854570091
1484524800,9.56,10.23,9.91,9.66,63107.15135821892
1484438400,9.8,10.05,9.86,9.9,27754.144260249665
1484352000,9.69,9.94,9.84,9.86,37227.09101864951
1484265600,9.51,9.91,9.81,9.84,77365.78078981387
1484179200,9.12,10.17,9.96,9.8,79646.57654381267
1484092800,9.47,10.84,10.63,9.95,156666.14005806862
1484006400,10.34,10.75,10.41,10.63,55080.016586169455
1483920000,10.23,10.94,10.5,10.39,71537.43676264657
1483833600,9.89,10.58,9.92,10.5,62882.92455958055
1483747200,9.55,10.21,10.14,9.92,68201.47480045067
1483660800,9.52,10.46,10.23,10.14,139579.01357529077
1483574400,9.08,11.8,11.13,10.23,317611.7915830781
1483488000,9.34,11.17,9.62,11.17,249702.42951788733
1483401600,8.24,10.02,8.38,9.59,193075.39458170906
1483315200,8.05,8.53,8.2,8.38,70490.2326302906
1483228800,8.08,8.6,8.16,8.18,59519.78894093927
1483142400,8,8.29,8.2,8.16,43418.84986029954
1483056000,8.01,8.52,8.3,8.21,66140.23918059008
1482969600,7.6,8.53,7.6,8.29,152526.66075647084
1482883200,7.05,7.72,7.15,7.62,98303.43480062977
1482796800,7.05,7.37,7.23,7.16,45350.13633534982
1482710400,7.02,7.33,7.18,7.26,26970.32002986
1482624000,7.12,7.34,7.23,7.19,26438.835102470093
1482537600,7.08,7.46,7.14,7.22,29874.25951247982
1482451200,7.01,7.67,7.54,7.13,95553.44592548933
1482364800,7.5,7.95,7.93,7.55,86905.1731097285
1482278400,7.64,7.97,7.64,7.91,46350.30741928001
1482192000,7.55,7.77,7.65,7.64,28560.53439841998
1482105600,7.57,7.95,7.92,7.64,41333.506720959944
1482019200,7.69,7.97,7.84,7.92,21241.08083959005
1481932800,7.51,7.93,7.84,7.85,37372.579750250035
1481846400,7.77,7.95,7.85,7.84,33701.60810741982
1481760000,7.64,8.32,8.24,7.83,74745.17121021936
1481673600,8.19,8.48,8.4,8.24,34073.30998726002
1481587200,8.35,8.57,8.53,8.41,37242.6622280896
1481500800,8.18,8.62,8.23,8.5,44454.92057028987
1481414400,8.11,8.26,8.14,8.23,22169.583673440207
1481328000,8.04,8.55,8.46,8.14,44650.73726690998
1481241600,7.97,8.65,8.21,8.47,60616.06116835968
1481155200,8.2,8.95,8.35,8.2,68988.52826369945
1481068800,7.33,8.6,7.83,8.35,91022.39199887966
1480982400,5.81,7.99,6.76,7.83,169727.89511206216
1480896000,6.56,7.58,7.39,6.75,93549.91705136962
1480809600,7.35,7.92,7.87,7.37,45053.368384609836
1480723200,7.34,8.12,7.73,7.86,57901.27746199021
1480636800,7.27,8.46,8.46,7.73,118183.25313795981
1480550400,8.3,8.68,8.59,8.45,42193.04172297017
1480464000,8.14,8.75,8.14,8.61,57443.67791608986
1480377600,7.79,8.72,8.67,8.14,84684.16746045866
1480291200,8.63,9,8.97,8.67,46708.57126503003
1480204800,8.66,9.33,9.33,8.98,61939.50710924005
1480118400,9.26,9.48,9.42,9.33,17875.333663070065
1480032000,9.16,9.74,9.19,9.4,21992.720039600117
1479945600,8.68,9.82,9.8,9.18,67233.1139185892
1479859200,9.73,9.93,9.87,9.8,21427.232821240363
1479772800,9.49,10.21,9.53,9.87,38033.86777789987
1479686400,9.41,9.65,9.58,9.54,28988.662203819866
1479600000,9.52,9.78,9.69,9.6,25186.76775388006
1479513600,9.45,9.78,9.51,9.68,25492.172459129833
1479427200,9.45,9.97,9.9,9.51,55819.740977870184
1479340800,9.8,10.13,10,9.91,48661.31895181002
1479254400,9.82,10.42,10.27,10,42878.92400580062
1479168000,9.81,10.3,10,10.27,30112.61210255022
1479081600,9.93,10.19,10.13,10.02,29849.059712259954
1478995200,9.82,10.41,9.92,10.14,26632.727590740087
1478908800,9.65,10.34,10.29,9.95,46389.01102956999
1478822400,10.16,10.72,10.51,10.29,44519.98049712032
1478736000,10.44,10.68,10.64,10.51,26510.999281239805
1478649600,10.28,10.86,10.83,10.62,73175.22439690004
1478563200,10.81,11.01,10.93,10.84,41425.93379278985
1478476800,10.9,11.06,11.01,10.93,28147.9753277598
1478390400,10.92,11.2,11.16,11.01,20054.20708478002
1478304000,11.01,11.24,11.16,11.16,22486.50204423009
1478217600,10.81,11.16,10.87,11.15,34173.1926805202
1478131200,10.77,11.14,10.82,10.87,51296.31814709986
1478044800,10.72,11.17,10.84,10.83,39930.10300255
1477958400,10.35,11.25,10.97,10.84,72257.87837690943
1477872000,10.85,11.44,11.2,10.98,34573.583583159954
1477785600,10.35,11.45,10.45,11.19,43247.015197829496
1477699200,9.52,11.35,11.14,10.47,88253.02376513988
1477612800,10.93,11.63,11.49,11.13,49280.81055404003
1477526400,11.22,11.57,11.49,11.48,43041.55366569005
1477440000,11.32,11.7,11.32,11.49,43365.69437553984
1477353600,11.05,11.95,11.91,11.33,73825.05549013014
1477267200,11.89,11.99,11.93,11.92,22587.73970273996
1477180800,11.87,12.06,12.04,11.94,20430.39522947004
1477094400,11.87,12.14,12.05,12.03,25534.432846169973
1477008000,11.96,12.13,12.07,12.05,19934.999343510095
1476921600,11.92,12.26,12.01,12.06,30258.773667659843
1476835200,11.88,12.65,12.55,12.01,39153.635036899825
1476748800,11.95,12.94,11.96,12.54,46033.28690623992
1476662400,11.83,11.99,11.95,11.96,29086.866180260087
1476576000,11.9,12.05,11.96,11.95,16434.519510620084
1476489600,11.78,11.97,11.91,11.95,21325.654447609686
1476403200,11.84,12.07,11.88,11.92,36671.12333651969
1476316800,11.72,12.11,11.92,11.87,33573.94475711001
1476230400,11.68,12.11,11.77,11.92,35966.2068025299
1476144000,11.7,12.24,11.78,11.77,37428.628474189965
1476057600,11.62,12.18,12.1,11.78,48871.347842649404
1475971200,12.02,12.43,12.22,12.1,24643.271201880005
1475884800,12.06,12.74,12.7,12.26,33575.16553441984
1475798400,12.5,13.08,12.88,12.7,53435.02973671982
1475712000,12.68,13.18,13.09,12.86,48476.08066793014
1475625600,13.08,13.45,13.34,13.09,36972.42755301984
1475539200,13.24,13.58,13.52,13.32,54544.77187141926
1475452800,13.25,13.56,13.29,13.51,36084.40484461999
1475366400,13.19,13.31,13.23,13.28,20487.324332099994
1475280000,13.09,13.31,13.23,13.22,32857.122500329984
1475193600,13.08,13.39,13.11,13.23,33018.43006697029
1475107200,13.1,13.39,13.31,13.11,36907.16255685015
1475020800,13.09,13.58,13.09,13.32,43267.659431279964
1474934400,12.85,13.25,12.85,13.09,28030.75843558003
1474848000,12.83,13.15,13.14,12.84,23612.37515814994
1474761600,12.8,13.18,12.96,13.12,19609.302723380053
1474675200,12.62,13.41,13.37,12.97,36744.51623708998
1474588800,13.14,13.45,13.21,13.37,25435.931310450153
1474502400,12.33,13.77,13.77,13.2,69158.51094681982
1474416000,13.16,15.2,14.98,13.76,86878.29339991928
1474329600,13.1,15.25,13.18,14.56,103258.24414717015
1474243200,12.61,13.2,12.64,13.17,37963.901281019826
1474156800,12.33,12.98,12.8,12.64,55642.674128549836
1474070400,12.41,12.99,12.58,12.79,33762.676911710005
1473984000,11.86,12.76,11.95,12.58,56290.963019889845
1473897600,11.91,12.1,11.91,11.96,23164.41465827006
1473811200,11.8,12.03,11.92,11.91,24242.33658977004
1473724800,11.84,12.08,11.87,11.92,29477.737563219944
1473638400,11.64,11.95,11.64,11.86,20983.239378810016
1473552000,11.6,12.21,12.2,11.65,25283.892882929813
1473465600,11.55,12.21,11.64,12.21,20050.67411838005
1473379200,11.34,11.69,11.39,11.64,21564.695404490067
1473292800,11.31,11.7,11.55,11.39,31912.58143521998
1473206400,11.53,11.9,11.75,11.58,33512.368630879886
1473120000,11.5,11.76,11.75,11.71,27155.232599479954
1473033600,11.62,11.84,11.77,11.76,14082.01283621001
1472947200,11.54,11.88,11.84,11.77,19087.254314740014
1472860800,11.6,12.47,12.15,11.88,37685.4071003
1472774400,11.95,12.35,12.04,12.15,40624.95260065979
1472688000,11.57,12.5,11.66,12.05,86923.53623039025
1472601600,11.09,11.7,11.21,11.7,37764.850350549925
1472515200,10.95,11.25,10.95,11.21,26085.36423008006
1472428800,10.8,11.16,11.01,10.95,31692.284203679825
1472342400,10.97,11.19,11.18,11.01,18597.57337445001
1472256000,11.17,11.28,11.27,11.18,19819.18259050001
1472169600,11.2,11.47,11.34,11.28,27315.076306759962
1472083200,10.99,11.35,11.01,11.34,28931.960299629976
1471996800,10.98,11.16,11,11.01,24028.112626350015
1471910400,10.85,11.2,11.1,11,32543.67623416989
1471824000,11.04,11.34,11.17,11.1,36422.5639012901
1471737600,10.98,11.3,11.3,11.21,17991.202537839952
1471651200,10.7,11.37,10.77,11.3,35237.831199150045
1471564800,10.65,10.86,10.77,10.77,29172.247699949992
1471478400,10.76,11.06,10.82,10.77,35781.19456055992
1471392000,10.69,11.26,11.18,10.82,40056.82719068983
1471305600,11,11.38,11.3,11.18,51006.91887218999
1471219200,11.02,11.52,11.28,11.3,33109.31343517001
1471132800,11.2,11.76,11.61,11.28,25765.644253819944
1471046400,11.54,11.86,11.8,11.61,28354.663382439663
1470960000,11.65,12.08,11.73,11.81,30677.55295916997
1470873600,11.6,12.39,12.22,11.73,54926.885623610004
1470787200,11.87,12.91,12.28,12.21,146626.2593381196
1470700800,11.24,12.48,11.33,12.28,84417.44258040971
1470614400,10.94,11.42,10.99,11.34,30922.784589750096
1470528000,10.84,11.25,11,10.99,30029.046252409935
1470441600,10.42,11.18,11.18,11.01,34961.54420090004
1470355200,10.81,11.4,11.3,11.18,47211.47460946003
1470268800,10.42,11.55,10.6,11.32,99077.4949656904
1470182400,8.54,10.78,8.68,10.68,215583.5123639999
1470096000,6.68,11.31,10.9,8.78,195130.5968656705
1470009600,10.8,12.12,11.98,10.95,91877.26285048915
1469923200,11.61,12.67,12.49,11.99,57176.02478704965
1469836800,12.49,12.88,12.84,12.49,38688.563123039785
1469750400,12.57,12.95,12.93,12.84,53574.54517221951
1469664000,12.53,13.14,13.1,12.93,65888.62850024967
1469577600,11.75,13.4,12,13.1,109888.51441768945
1469491200,11.88,13.95,13.93,12,165956.5809666397
1469404800,12.61,14.01,12.71,13.91,102002.13638216982
1469318400,12.05,14.57,14.52,12.78,140551.75773817985
1469232000,14,15.39,14.99,14.52,115664.85905823045
1469145600,12.73,15.11,12.76,14.83,199021.78612214766
1469059200,12.1,13.09,12.53,12.76,72238.15862963077
1468972800,11.22,13,11.7,12.5,39972.640557049934
1468886400,11.07,11.98,11.08,11.75,7847.984050080005
1468800000,11,11.93,11.27,11.05,14252.843128250004
1468713600,11.02,11.92,11.81,11.33,12640.65466527001
1468627200,11.79,12.4,11.98,11.8,7835.094427470012
1468540800,11.4,12.75,11.56,11.99,24310.418737580007
1468454400,10.33,11.78,10.5,11.62,25186.16317150002
1468368000,10.49,10.65,10.58,10.49,5528.535205590002
1468281600,10.5,10.98,10.65,10.57,13923.53770765
1468195200,10.11,11.16,11,10.72,11107.717927809948
1468108800,10.9,11.3,11.02,11.02,9663.835837080002
1468022400,10.68,11.57,11.39,11.01,9083.52616480002
1467936000,10.05,11.8,10.08,11.43,27617.234903319928
1467849600,9.75,10.7,10.6,10.08,21326.776167120017
1467763200,10.24,11,10.6,10.61,14275.48001113002
1467676800,9.31,11.48,11.45,10.6,34511.706825399924
1467590400,11.41,11.99,11.94,11.48,5533.258147399997
1467504000,11.65,12.16,12.16,12.02,11736.40355589002
1467417600,12,12.45,12.28,12.09,11840.969852780001
1467331200,11.8,12.54,12.48,12.34,19205.489714299976
1467244800,12.19,13.06,12.7,12.49,12663.145809239995
1467158400,11.62,13.13,12.16,12.74,25997.647568339984
1467072000,11.52,14.25,14.06,12.23,42387.67810321998
1466985600,13.85,14.59,14,14.1,10078.637380469998
1466899200,13.6,14.49,14.39,14.02,7488.823638500004
1466812800,14,14.74,14.55,14.37,10302.711875629999
1466726400,13.25,14.8,13.98,14.55,32274.197579149888
1466640000,12.68,14.5,13.18,13.81,34442.877897929946
1466553600,13.07,15.89,13.3,13.18,68057.88469055043
1466467200,11.2,13.89,11.44,13.89,32071.49064344999
1466380800,10.8,12.74,12.35,11.81,34641.796669280026
1466294400,10.72,13.4,11.55,12.35,28851.00195530981
1466208000,10,15.74,15.64,11.64,80852.03798851946
1466121600,13.75,22,20.99,15.65,123086.50823710956
1466035200,18.5,21.35,18.51,20.99,34254.40154850991
1465948800,17.89,18.81,18.79,18.42,13592.575988179995
1465862400,16.96,19.08,17.86,18.79,35354.00175853
1465776000,15.49,17.93,15.91,17.89,24139.283081059933
1465689600,13.92,15.91,14.14,15.58,20345.76593923998
1465603200,13.86,14.29,13.93,14.1,7584.345783309995
1465516800,13.76,14.74,14.61,13.91,17343.605296729944
1465430400,14.55,14.85,14.64,14.71,8228.789352390002
1465344000,14.4,14.87,14.53,14.64,12612.50810563
1465257600,13.97,14.69,14.21,14.52,13018.452434829991
1465171200,13.83,14.3,14.02,14.22,5140.255951970002
1465084800,13.8,14.06,13.97,14.04,1959.5857203399898
1464998400,13.56,14.03,13.98,13.95,6261.45920002
1464912000,13.49,14.12,14.03,13.98,13008.111583840026
1464825600,13.76,14.18,13.93,14.03,8053.872387280007
1464739200,13.5,14.45,14.15,13.93,10399.907430210023
1464652800,12.37,14.24,12.84,14.16,5807.802671050009
1464566400,12,12.88,12.35,12.88,4135.593026740021
1464480000,11.7,12.49,12.02,12.34,3387.4048721400036
1464393600,10.7,12.44,11.3,12.02,15681.86285850004
1464307200,10.25,12.47,12.47,10.98,19334.80270001009
1464220800,12.15,12.95,12.61,12.47,2989.89095855
1464134400,11.93,13.18,13,12.61,9697.181591090013
1464048000,12,13.74,13.68,12.77,2753.2392976100004
1463961600,13.61,13.91,13.86,13.61,180.78671194
1463702400,13.71,14.82,14.82,14.17,254.16661711000006
1463616000,13,14.9,13.18,14.9,950.44120523
1463529600,12.5,14.93,12.5,13.18,482.52182654
1512432000,451.56,470,468.22,457.3,155121.46603503948
1512345600,449.4,473,465,468.22,135881.8668185818
1512259200,450,483.61,460.35,464.76,168404.59399786693
1512172800,451.21,474.96,463.82,460.34,162536.2895025262
1512086400,421.57,468.43,434,463.82,195009.00666412772
1512000000,401.5,470,434.01,434,362792.3917770966
1511913600,402.11,518.13,468.52,434.01,504405.181217467
1511827200,463.6,483,477.54,468.52,178477.08637874728
1511740800,462.1,492.99,473.99,477.53,232763.06983805264
1511654400,451.81,477.65,466.77,473.99,191269.57769361883
1511568000,456,488,470.98,466.77,269091.8597252131
1511481600,401,479.89,405.99,470.98,340366.7158236367
1511395200,376.04,428.6,381.74,406.61,321884.8671224264
1511308800,361,382.96,361.51,381.73,129294.07753714501
1511222400,350.5,372.99,368.25,361.51,199527.1125642207
1511136000,354.24,373.75,354.24,368.24,126768.33353275704
1511049600,344,374.7,346.6,354.59,207184.66996221824
1510963200,328.22,349,332.31,346.6,108828.92607366346
1510876800,326.46,334.3,330.19,332.31,93675.81475770536
1510790400,321.91,334.8,331.81,330.21,133357.2566820165
1510704000,326,340.84,335.04,331.81,132665.74732511104
1510617600,315.5,336.91,315.56,335.04,210940.81854212977
1510531200,306.5,319,307.11,315.56,144149.6345375996
1510444800,301.04,316.55,315.7,307.1,178392.76688271473
1510358400,297.67,319.94,298.04,315.69,122517.21799767055
1510272000,291.3,325.12,320.73,298.04,161005.747481097
1510185600,307.01,329.47,307.92,320.72,163512.62291776045
1510099200,291,319.89,292.42,307.91,228860.16753854262
1510012800,287,304,297.32,292.42,149208.1370089117
1509926400,292,304.9,296.58,297.32,89982.42383483441
1509840000,295.64,302,301.74,296.57,55754.83082599509
1509753600,295,306,306,301.66,64930.26532334353
1509667200,285.4,308.06,285.4,306,121278.95411283159
1509580800,278.88,296,290.84,285.4,201669.54873235305
1509494400,289.51,305,303.51,290.82,116199.53606393521
1509408000,303.49,309.94,306.87,303.51,61321.862004944735
1509321600,302.53,309.69,303.39,306.87,42542.609512910574
1509235200,294.29,310,295.12,303.38,68441.65147845293
1509148800,293.51,297.9,297.48,295.11,27343.740804031706
1509062400,291.53,298.98,295.98,297.59,40781.361868649554
1508976000,293.81,299.95,296.76,295.98,46575.081433482526
1508889600,288.05,300.97,297,296.76,73849.46926472323
1508803200,280.3,311.7,285.84,296.99,173108.1849816925
1508716800,275.46,295.15,295.14,285.83,130443.02730264737
1508630400,291.81,306.55,300,295.14,62949.25853617261
1508544000,291.38,303.74,303.16,300,116947.61615419475
1508457600,302,311.53,308.02,303.15,93615.80033847933
1508371200,305.34,316.21,313.59,308.02,84535.78998176866
1508284800,287.4,316.53,316.32,313.59,167624.5858583829
1508198400,310.5,334.66,334.33,316.37,117188.32207588466
1508112000,330.84,350,336.89,334.36,140568.92931709837
1508025600,320,341,338.37,336.89,103324.15738362372
1507939200,332.46,347,335.85,338.37,91557.21164748458
1507852800,298.29,345,302.12,335.89,272954.1661594467
1507766400,300.3,307,302,302.12,114002.12065058063
1507680000,297.53,303,297.99,302,45397.393331049636
1507593600,290.23,305,297,297.99,88312.5584727965
1507507200,285.88,309.32,309.2,297,145512.8241224423
1507420800,308.62,313.6,311.12,309.2,44584.580991320145
1507334400,304.57,314.62,307.73,311.12,66524.2599929714
1507248000,294.21,308.5,294.89,307.73,95952.19279726464
1507161600,286.44,296.99,292,294.89,44754.00010260885
1507075200,289.62,295,292.36,292,42408.163376506105
1506988800,287.65,299,296.78,292.36,59958.71095697169
1506902400,293.73,303.5,303.25,296.72,62589.24548424145
1506816000,295.75,303.25,301.57,303.25,42910.47058426907
1506729600,291.25,304.69,291.88,301.57,62093.31886924074
1506643200,278,302.6,302.33,291.88,165276.07130908978
1506556800,298.1,310,309.86,302.33,94872.87426244779
1506470400,288.25,312.75,288.77,309.85,121905.91012242743
1506384000,286,295.48,294.41,288.77,64071.17726997109
1506297600,282.66,296.7,283.21,294.41,90047.67696310772
1506211200,276.23,294.89,286.03,283.21,95448.66822106387
1506124800,260.02,286.63,263.88,286.03,79343.88782780046
1506038400,254.01,272,258.11,263.88,120473.05688254905
1505952000,252.55,286.99,283.55,258.11,211087.143960572
1505865600,278.04,293.71,282.94,283.55,108925.69300683927
1505779200,275.25,301,298,282.8,172904.29533452867
1505692800,259.65,303.78,259.66,298,298148.2419927675
1505606400,240.15,272,255.85,259.66,127514.7477236979
1505520000,247.1,278,260.87,255.84,194274.19114785275
1505433600,202.25,270,223.85,260.88,667614.6047890641
1505347200,221.3,280.75,275.71,223.85,517639.3192338404
1505260800,256.41,294.5,294.5,275.71,330029.40740092215
1505174400,286,316.19,298.47,294.5,193866.55976529664
1505088000,288,307.97,300.34,298.47,131872.39133529726
1505001600,285,306.5,305,300.33,123343.22478541879
1504915200,294,313.87,307.96,304.99,97354.07715521904
1504828800,292.71,335.56,335.56,307.96,299135.9425155342
1504742400,323.26,339.38,339.38,335.56,103175.36266455974
1504656000,319.3,345,320.09,339.38,194959.5389394315
1504569600,290,325,316.87,320.08,318345.3102358336
1504483200,285,353.15,353.06,316.86,458363.97586801974
1504396800,344,372,354.88,353.06,137268.863050237
1504310400,333,393.76,392.87,354.87,293335.49257162935
1504224000,386.98,396.88,389.2,392.87,160640.75668726713
1504137600,381.2,389.97,384.1,389.2,119008.82851470898
1504051200,368.3,392,372.48,384.1,164877.9663400302
1503964800,347.54,374.91,347.54,372.48,172759.36386529083
1503878400,336.35,349.99,348.2,347.54,111495.22073892497
1503792000,332.44,348.2,332.99,348.2,94727.18092537616
1503705600,325.1,334.51,330.14,332.99,64249.838672440295
1503619200,324.38,336.99,324.56,330.14,118400.40049801866
1503532800,316,328,317.5,324.56,77759.2628131697
1503446400,313.72,324.61,314.19,317.5,102640.63582937975
1503360000,292,329.97,322,314.19,200165.56685601716
1503273600,295.27,344.34,297.79,322,312029.8841107956
1503187200,289.5,298.5,293.58,297.79,55102.044074970545
1503100800,287,298.7,292.86,293.58,68015.67500724133
1503014400,287,306.09,300.66,292.87,132161.69301464342
1502928000,298,309.41,300.45,300.67,117913.06770257426
1502841600,280,303.9,286.71,300.45,125516.25956017581
1502755200,267,299.18,299.16,286.71,213475.87755642965
1502668800,294.96,309.35,296.67,299.16,116394.5413323044
1502582400,287,309.95,308.35,296.66,196015.46006707835
1502496000,303.61,319.7,309.65,308.35,175616.00867374594
1502409600,295.79,310,300.51,309.65,131543.26574093927
1502323200,288.34,309.8,295.26,300.51,154431.32113166858
1502236800,276.55,314.71,295.95,295.26,465244.4178707555
1502150400,267,299.45,269.89,295.95,267289.0493040743
1502064000,257.1,274.81,263.97,269.9,168723.43057382462
1501977600,250.99,273,251.86,263.96,239167.7737349629
1501891200,219.54,258.98,220.72,251.85,321010.4572135108
1501804800,219.51,226.82,224,220.72,98579.2446227596
1501718400,217.35,227.53,217.92,224,113156.8745222589
1501632000,215.37,228.8,225.73,217.92,149915.69003092826
1501545600,200.82,232.73,200.83,225.73,435754.60455384175
1501459200,190.78,201.98,196.95,200.82,117870.18456965935
1501372800,193.26,209.9,205.89,196.95,105150.12887104407
1501286400,178.03,209.77,190.99,205.9,273021.6390416944
1501200000,189.34,203.95,202.95,190.72,170490.67156217346
1501113600,198.85,205,203.23,202.94,125511.47063983751
1501027200,193.4,209.89,203.78,203.23,212119.78582583464
1500940800,193,226.59,225.97,203.78,367624.78359486244
1500854400,224,229.99,228.27,225.96,74985.12540112788
1500768000,221.2,234.35,230.69,228.31,115026.49432891453
1500681600,215.1,237.67,216.58,230.69,179561.40058135297
1500595200,208.5,238,226.23,216.6,289938.1718454401
1500508800,194.74,237,194.74,226.06,616538.8573529932
1500422400,186.01,243.9,227.01,194.74,769809.9179280463
1500336000,176.51,249.4,190.87,227.01,871474.8574251948
1500249600,153.25,191.5,155.69,190.87,632198.8290636559
1500163200,130.26,172.3,168.22,155.68,609598.9858684457
1500076800,167,198.97,197.23,167.72,261390.37737053825
1499990400,183.12,206.99,205,197.23,213171.03601057152
1499904000,193.07,227,224.01,205,226680.37750420673
1499817600,181,228.88,190.57,224.04,417507.6374160393
1499731200,175.56,216.5,201.65,190.57,529769.7002523335
1499644800,185.39,240.33,238.4,202.86,398041.7035768844
1499558400,236,253.31,246.65,238.81,71498.4012703692
1499472000,231.25,249.5,241.27,246.64,135553.24613740464
1499385600,235.01,266.97,266.01,241.28,179629.78239179496
1499299200,261.59,275,266.27,266.01,86798.21376898061
1499212800,252.67,274.97,269.18,266.27,166163.8226204599
1499126400,265,282.83,276.37,269.2,109661.92716871103
1499040000,273.07,285,285,276.37,126099.21911843742
1498953600,255.7,293.73,263.12,285,191572.30990719033
1498867200,253.23,281.98,280.03,263.12,179035.6117105705
1498780800,270.5,306.5,292.95,280.04,232751.64446856492
1498694400,286.22,322.9,315.32,292.95,204007.44517217905
1498608000,260.11,323.69,287.27,315.32,401383.40743533376
1498521600,211,288.51,252.97,287.23,469352.8979505172
1498435200,206.5,293,278.49,252.99,572245.6836947209
1498348800,251.3,310,304.5,278.49,263539.2612749602
1498262400,295.55,330.7,326.98,304.5,131625.69129470518
1498176000,316.66,332.95,320.02,326.99,77450.68733617838
1498089600,305,336.68,327.36,320.02,149180.93809542255
1498003200,0.1,352,350.94,325.41,441444.5711846802
1497916800,325,365.79,358.71,350.94,209201.6049853903
1497830400,346.88,362.5,351.84,358.71,103120.66012556497
1497744000,340.11,381.66,368.99,351.85,156569.03884936744
1497657600,341.65,369,354.26,368.98,144149.6794316716
1497571200,314,364,343.71,354.26,256310.93905472843
1497484800,253,356.29,341.7,343.71,750547.9173300364
1497398400,315,394.47,388,341.7,373875.1368720574
1497312000,359.75,400,397.36,388,270476.8496773715
1497225600,306.11,420,343.29,397.37,535794.3885575786
1497139200,317.05,355,340.13,343.01,251525.9661289921
1497052800,278.03,358.46,279.39,340.2,424267.43519765226
1496966400,258.63,279.39,258.64,279.38,191150.0597510153
1496880000,250,261,255.61,258.64,137027.205125092
1496793600,244.98,265.63,264.5,255.68,218451.7317111031
1496707200,247,269.36,247.99,264.22,321257.1375404105
1496620800,241.2,248.98,245.48,248,148012.84126911892
1496534400,224,249.04,224.95,245.5,212985.7410025637
1496448000,218.56,227.5,221.95,224.95,110234.22053275415
1496361600,216.5,229.75,221.84,222.04,166355.77377255482
1496275200,206.02,238.97,229.15,221.91,345615.06974444597
1496188800,215.42,234.76,228.67,229.14,350735.0481460683
1496102400,185,233.09,194.89,228.69,448799.0599966625
1496016000,167,199,175.48,194.82,218954.2400092249
1495929600,159.59,185,159.71,175.48,236048.04345451572
1495843200,115.67,172,163.78,159.91,465254.9745568737
1495756800,140,199.99,181.4,163.8,442705.09450520214
1495670400,162.04,217.85,196.05,181.51,484963.68291747046
1495584000,167.7,202,169.9,196.06,361465.3180502434
1495497600,155.7,177.9,160.38,169.95,269481.5016312477
1495411200,131.22,184.22,148.86,160.1,644162.2329454961
1495324800,122,148.97,123.56,148.78,324006.02879408136
1495238400,121,129.34,125.04,123.63,201025.05039568065
1495152000,96.18,129.98,96.2,125.14,484630.3166569882
1495065600,86.5,96.2,86.88,96.2,173623.1632266471
1494979200,82.5,89.98,87.97,86.88,152795.39726304644
1494892800,87.08,92.3,91,87.98,127231.00022452051
1494806400,89.28,94.7,89.42,91,131360.86382397558
1494720000,87.13,89.94,88.38,89.39,53028.485634309865
1494633600,82,88.74,85.19,88.42,88763.29724551669
1494547200,82.2,90.3,88.3,85.17,135905.56078612243
1494460800,87.01,90.99,88.36,88.3,115231.86368948591
1494374400,85.39,91.98,86.77,88.36,143173.17657740525
1494288000,75.89,90.08,89.25,86.58,274317.59868648107
1494201600,85.1,94.74,93.83,89.25,212998.72099884544
1494115200,90,97.95,95.74,93.82,146491.2633595878
1494028800,91.94,96.42,91.94,95.84,111473.40974382803
1493942400,89,98.98,95.98,91.93,241433.01934280497
1493856000,80.31,96.66,81.19,95.97,356318.14380169153
1493769600,75.89,81.4,77.55,81.29,217884.9247192487
1493683200,75.54,83.07,79.05,77.55,211377.99127041022
1493596800,72.24,85.21,80.72,79.35,417923.03310712316
1493510400,70,82.9,70.37,80.87,272304.03496488347
1493424000,68.24,74.89,73.17,70.4,243327.84378971372
1493337600,62.5,74.9,63.65,73.14,442915.40500420635
1493251200,52.66,63.99,53.4,63.67,307144.1258988942
1493164800,50.25,54.85,50.28,53.42,188041.30642271804
1493078400,50,50.75,50.11,50.31,76646.64185670039
1492992000,48.94,50.44,48.95,50.12,87541.85950956437
1492905600,48.25,49,48.58,48.96,53490.12959786075
1492819200,48.22,49.08,48.38,48.61,59640.892454120185
1492732800,48.24,49.49,49.39,48.37,76551.8076913405
1492646400,47.6,49.5,47.71,49.38,93731.86962186542
1492560000,47.25,50.32,49.85,47.78,103860.35911550454
1492473600,47.7,49.93,47.94,49.79,81392.22299459766
1492387200,47.5,48.29,48.19,47.94,54226.901895821866
1492300800,47.5,49.25,48.93,48.13,42384.555210479935
1492214400,46.78,74.98,47.19,48.94,43693.04585819068
1492128000,46.52,50,49.86,47.2,85109.7751632985
1492041600,46.22,51.11,46.48,49.77,175187.22400883856
1491955200,43.58,47.88,43.84,46.48,124468.22627904134
1491868800,43.55,44.5,43.92,43.83,55281.92646661066
1491782400,42.72,44.65,43.92,43.92,68377.7150363815
1491696000,42.72,44.74,44.5,43.92,56534.48029788146
1491609600,42.31,45.5,42.32,44.45,78701.68683099879
1491523200,41.57,44.64,43.31,42.32,106456.1302860373
1491436800,41.1,45.97,44.97,43.3,172306.59173300964
1491350400,44.2,47.63,44.45,44.78,153161.83660282017
1491264000,41.45,46.25,44.33,44.47,218469.02147232264
1491177600,42.39,48.97,48.74,44.25,324319.0602829229
1491091200,48.14,51.19,50.72,48.74,150244.53593327187
1491004800,48.85,51.85,50.17,50.71,90500.31838148994
1490918400,46.98,52.41,51.87,50.18,248181.61398357473
1490832000,51.52,53.34,53.11,51.88,133949.10089726574
1490745600,50.11,53.97,50.29,53.1,242696.35279827678
1490659200,48.51,50.44,48.97,50.3,148959.57706627192
1490572800,48.28,51.71,50.74,48.97,167916.9637082792
1490486400,48.51,51.5,50.61,50.73,139281.6073049291
1490400000,47.29,53.4,52.93,50.5,322577.3977121791
1490313600,42.5,53.44,42.92,52.93,412077.1115009452
1490227200,40.33,43.97,41.33,42.99,176283.58226550938
1490140800,38.26,42.59,42.39,41.37,215182.25946019808
1490054400,41.76,43.68,42.37,42.36,153359.49625958054
1489968000,40.86,45.25,43.21,42.31,229608.942218233
1489881600,33.78,45.64,34.03,43.21,459231.6991591928
1489795200,30.7,45,44.62,33.64,569966.2144034231
1489708800,35.04,57.67,45.97,44.62,719985.8498964304
1489622400,35.65,47.03,35.66,45.96,732580.2657287903
1489536000,28.5,35.86,28.69,35.65,408488.04290196905
1489449600,27.16,30,28.63,28.69,226095.3086375774
1489363200,23.38,31.1,23.38,28.64,625354.2405118429
1489276800,21.33,24.25,21.67,23.39,263673.0563648613
1489190400,18.91,21.89,19.21,21.64,228815.88246843874
1489104000,17.01,19.7,17.81,19.2,309439.257161254
1489017600,16.2,18.29,16.66,17.82,182292.81461265002
1488931200,16.65,18.96,18.96,16.68,280505.207135031
1488844800,18.59,19.77,19.68,18.96,156651.18380877085
1488758400,19.17,20.24,19.39,19.68,141853.14193664843
1488672000,18.18,19.45,18.65,19.4,128246.54175648335
1488585600,18.65,20.4,19.61,18.65,150803.54752054517
1488499200,18.2,21.49,19.27,19.68,418281.88591672364
1488412800,16.88,19.99,17.46,19.27,353522.91611793416
1488326400,15.68,17.58,15.75,17.37,251745.10779028112
1488240000,15.21,16.94,15.66,16.4,345256.75410857116
1488153600,14.37,16.32,14.74,15.66,228006.5564592896
1488067200,13.4,14.84,13.64,14.74,100654.43777811994
1487980800,13.06,13.87,13.18,13.65,96882.6228340194
1487894400,12.81,13.33,13.22,13.2,141530.73056260822
1487808000,12.73,13.37,12.74,13.21,101634.19597621911
1487721600,12.68,12.99,12.83,12.75,83619.58116227188
1487635200,12.3,12.87,12.59,12.83,99099.33659704904
1487548800,12.56,12.95,12.9,12.61,70683.04381468987
1487462400,12.79,12.95,12.87,12.9,34797.03821762988
1487376000,12.77,12.93,12.77,12.89,45724.07671312996
1487289600,12.71,12.95,12.92,12.75,90714.2431799496
1487203200,12.62,13.03,12.98,12.89,89347.6102944178
1487116800,12.66,13.2,13.16,12.98,117752.61105449114
1487030400,11.39,14.7,11.42,13.14,260346.56440422303
1486944000,11.21,11.54,11.5,11.43,50096.722119889506
1486857600,11.4,11.54,11.51,11.5,23350.563271329862
1486771200,11.34,11.52,11.44,11.52,35280.10695391949
1486684800,10.88,11.48,11.02,11.43,69285.60782675957
1486598400,10.61,11.54,11.41,11.02,118352.09059873152
1523836800,498.29,537.5,534,506.63,123865.33553333032
1523750400,502.4,534.57,502.4,533.74,101644.38723981738
1523664000,488,513.86,495.76,502.4,77288.98337972026
1523577600,481.18,529.36,493.42,495.22,236189.44769987924
1523491200,413.81,497,430.82,493.41,247901.99883252787
1523404800,410.11,433.83,415.45,430.81,91621.75113398758
1523318400,392.25,418.26,398.8,415.45,69641.56857810862
1523232000,388,432,399.9,398.8,131507.36350856628
1523145600,384.61,404.4,384.62,399.9,70956.2682800877
1523059200,369.2,395.9,370.32,384.61,62793.95112431977
1522972800,363.33,386.21,381.55,370.32,96737.30368152558
1522886400,366.54,387.2,378.42,381.26,92587.02382723277
1522800000,370.08,418,416.29,378.43,120039.45534576057
1522713600,380.89,421.59,384,416.38,165870.62252267895
1522627200,375.36,393.96,378.69,384,91315.44891834703
1522540800,360,400.65,394.73,378.18,110817.90968193719
1522454400,388.88,438.77,394.47,394.54,157959.57113444898
1522368000,365,411,383.3,394.46,285613.76464981603
1522281600,379.1,448,445.72,383.29,291787.52161096403
1522195200,439.18,464.89,449,445.47,96044.05480342801
1522108800,445,493,486.75,449,163326.70003858852
1522022400,466.1,525,522.55,486.75,151611.18882043022
1521936000,510.2,536,519.58,522.55,51316.00067083041
1521849600,517.7,545.94,543.04,519.57,53605.50924448072
1521763200,507.84,543.04,539.9,543.04,87444.11400409644
1521676800,517.6,578.73,559.99,539.89,96328.15279476534
1521590400,545.2,589.75,558,559.98,119344.11951372125
1521504000,515.97,567.04,555.44,558,161094.31337963312
1521417600,530.48,554,533.63,538.96,36254.81507916974
1521331200,450,587.74,549.79,538,444957.2050488532
1521244800,541.11,609.94,600.52,549.79,105723.23166341943
1521158400,585,626.13,611,600.51,88999.52296118361
1521072000,571.16,621.47,614.63,610.99,149125.12539752567
1520985600,585.52,702.5,690.32,614.62,152685.8377172879
1520899200,679.78,713.45,696.51,690.39,64060.96581681988
1520812800,678,739,719.79,696.51,75999.65917038907
1520726400,666,735,683.6,719.22,67765.69122596234
1520640000,680.2,749,728.46,683.6,69440.7194081995
1520553600,641.6,734,698.81,728.46,172480.186704843
1520467200,686,774,751.38,698.83,110790.89916654339
1520380800,724,825,815.44,751.38,138185.4125257059
1520294400,800.89,849.97,848.83,815.43,62232.77181413759
1520208000,848.83,866,861.74,848.83,40939.44680416858
1520121600,836.3,865,854.34,861.74,36133.84216419891
1520035200,851.04,866.72,854.3,854.34,35046.52995028726
1519948800,845.85,873.12,868.75,854.31,46202.19655423891
1519862400,845.54,878,849.99,868.74,51017.39669664857
1519776000,848.21,887.5,871.07,849.99,60718.32991208214
1519689600,860.5,894,867.1,871.07,65115.18078472266
1519603200,835,877.5,841.96,867.09,67393.57255543744
1519516800,816.89,849.26,833.2,841.96,39655.67873161906
1519430400,808.37,874.66,854.01,833.2,66461.87856068887
1519344000,786,883.89,806,854.01,105228.02650208677
1519257600,790.01,870,840.31,806,105441.63263859565
1519171200,817.01,908.17,884.77,840.34,135617.6849783464
1519084800,875,958,939.01,884.76,120860.09152592569
1518998400,911,956,913.4,939.01,53603.075476450016
1518912000,909.1,982.99,975,912.41,100689.17618039614
1518825600,934.2,976.79,936.02,974.99,75150.09895847042
1518739200,910.8,944.92,929.3,936.02,83382.50414034922
1518652800,905.49,948.23,920.24,929.3,140113.99666704505
1518566400,839.45,924.7,840.49,920.26,173223.50679631956
1518480000,826,867.48,864.4,840.49,72287.78096527046
1518393600,810.99,874.03,811.38,864.4,90917.94534927994
1518307200,780,851.77,849.46,811.35,104301.3477261119
1518220800,815,908.76,875.99,849.47,160258.33599544456
1518134400,780,879.2,812,875.99,168807.82673636713
1518048000,747.82,843,750.05,812,185676.9084543834
1517961600,718.03,864.68,783.85,750.04,361969.0961231519
1517875200,555.56,807.5,694.3,783.83,761449.4148252025
1517788800,614.02,857.5,826.01,693.54,620491.7966963949
1517702400,783.27,970.4,969.4,826,218602.77482394894
1517616000,841.61,998,912,969.4,198323.32979535035
1517529600,726.43,1020.48,1017.48,911.99,589105.554474267
1517443200,930,1143,1105.01,1017.48,341681.4140130666
1517356800,1013.25,1121.03,1054.39,1105.01,178921.74339615327
1517270400,1025,1171,1162.28,1054.39,243673.30906459078
1517184000,1137.2,1221.74,1215.01,1162.27,132312.46245132724
1517097600,1087.94,1224,1100,1215.01,178918.76416049656
1517011200,1029.29,1119,1045.58,1100,120964.44841013053
1516924800,987.54,1071.75,1040,1045.57,145279.41373954498
1516838400,1014.88,1098.74,1056.99,1040,170302.90601321525
1516752000,952,1056.99,984.03,1056.99,157024.97924164988
1516665600,905,1019,999.69,984.03,215039.8103096958
1516579200,917,1080,1047.13,999.68,221287.91195853904
1516492800,1010.01,1151,1150.02,1047.13,159394.3689396512
1516406400,1036.08,1164.97,1037.45,1150.02,166622.96451295048
1516320000,993.4,1093,1025.77,1037.45,168397.26483980895
1516233600,951,1100,1028.06,1025.78,355909.61089829553
1516147200,757,1165,1080.01,1028.06,855359.39923268
1516060800,852,1285.57,1278.77,1080,670566.9073336744
1515974400,1267.01,1380.97,1365.46,1278.63,130038.51617551096
1515888000,1256.01,1389.11,1386.01,1365.46,148724.25291243152
1515801600,1259.99,1419.96,1260,1386.02,206592.36382645727
1515715200,1089,1285,1137.01,1260,217366.77603127973
1515628800,1083.97,1335,1246.95,1137.01,403960.51753225276
1515542400,1207.61,1386.99,1290.01,1246.94,387579.41834824625
1515456000,1115.3,1297.58,1137.01,1290.01,279796.2012223126
1515369600,950,1228.99,1118.3,1137.01,387503.9272739468
1515283200,1003.02,1118.3,1006.68,1118.3,180421.58301748423
1515196800,961.23,1009.11,969.27,1006.68,126060.70446316797
1515110400,935,1015,949,969.27,277336.55212365655
1515024000,906.01,994.89,938.16,949,316785.7681235173
1514937600,850.11,949.98,865,938.31,306450.2761152811
1514851200,759.02,878.5,759.03,865,370297.3075303835
1514764800,727.14,764.97,741.24,759.03,87376.70667107843
1514678400,699,751,710.58,741.27,89039.14282702924
1514592000,691.1,748.9,748.9,710.58,135151.0424538631
1514505600,710.11,755,719.5,748.89,155187.1280783433
1514419200,676.03,742.31,740,719.5,184327.40808806985
1514332800,706,767,755.06,739.99,127590.62893119846
1514246400,738.07,771,740.5,755.07,101773.73839131126
1514160000,693.5,759.88,697.05,740.5,125677.2172784132
1514073600,641.14,734.86,732.76,697.04,173768.201361146
1513987200,670,774.99,682.11,732.8,203541.10676088586
1513900800,460,799.95,796.99,682.11,838357.9892914926
1513814400,767.15,845,802.86,796.98,249158.0233197041
1513728000,701,833.6,826.65,802.86,341589.8626630105
1513641600,770.03,875,785.65,826.65,430808.85327722155
1513555200,695,798.81,732.17,785.65,315284.13746455533
1513468800,703,746.93,703.62,732.18,170346.55769251953
1513382400,684,735,693.5,703.59,199898.96934682093
1513296000,618,706,705.01,693.5,317805.7145524967
1513209600,660.83,758.61,711.95,705.01,426482.461146036
1513123200,606,784.77,686.82,711.94,788816.0029393284
1513036800,501.11,714,518,686.82,880480.0409989601
1512950400,445.23,519.49,447.51,518,298617.77234152966
1512864000,438,486.13,485.05,447.51,217222.1761964401
1512777600,450,535.1,463.45,485.04,546089.644793435
1512691200,420.01,479.1,432.82,463.45,403996.65988766623
1512604800,415.01,448.89,432.48,433.28,331265.35032089235
1512518400,425.01,461.99,457.29,432.49,350794.88433164224
1512432000,451.56,470,468.22,457.3,155121.46603503948
1512345600,449.4,473,465,468.22,135881.8668185818
1512259200,450,483.61,460.35,464.76,168404.59399786693
1512172800,451.21,474.96,463.82,460.34,162536.2895025262
1512086400,421.57,468.43,434,463.82,195009.00666412772
1512000000,401.5,470,434.01,434,362792.3917770966
1511913600,402.11,518.13,468.52,434.01,504405.181217467
1511827200,463.6,483,477.54,468.52,178477.08637874728
1511740800,462.1,492.99,473.99,477.53,232763.06983805264
1511654400,451.81,477.65,466.77,473.99,191269.57769361883
1511568000,456,488,470.98,466.77,269091.8597252131
1511481600,401,479.89,405.99,470.98,340366.7158236367
1511395200,376.04,428.6,381.74,406.61,321884.8671224264
1511308800,361,382.96,361.51,381.73,129294.07753714501
1511222400,350.5,372.99,368.25,361.51,199527.1125642207
1511136000,354.24,373.75,354.24,368.24,126768.33353275704
1511049600,344,374.7,346.6,354.59,207184.66996221824
1510963200,328.22,349,332.31,346.6,108828.92607366346
1510876800,326.46,334.3,330.19,332.31,93675.81475770536
1510790400,321.91,334.8,331.81,330.21,133357.2566820165
1510704000,326,340.84,335.04,331.81,132665.74732511104
1510617600,315.5,336.91,315.56,335.04,210940.81854212977
1510531200,306.5,319,307.11,315.56,144149.6345375996
1510444800,301.04,316.55,315.7,307.1,178392.76688271473
1510358400,297.67,319.94,298.04,315.69,122517.21799767055
1510272000,291.3,325.12,320.73,298.04,161005.747481097
1510185600,307.01,329.47,307.92,320.72,163512.62291776045
1510099200,291,319.89,292.42,307.91,228860.16753854262
1510012800,287,304,297.32,292.42,149208.1370089117
1509926400,292,304.9,296.58,297.32,89982.42383483441
1509840000,295.64,302,301.74,296.57,55754.83082599509
1509753600,295,306,306,301.66,64930.26532334353
1509667200,285.4,308.06,285.4,306,121278.95411283159
1509580800,278.88,296,290.84,285.4,201669.54873235305
1509494400,289.51,305,303.51,290.82,116199.53606393521
1509408000,303.49,309.94,306.87,303.51,61321.862004944735
1509321600,302.53,309.69,303.39,306.87,42542.609512910574
1509235200,294.29,310,295.12,303.38,68441.65147845293
1509148800,293.51,297.9,297.48,295.11,27343.740804031706
1509062400,291.53,298.98,295.98,297.59,40781.361868649554
1508976000,293.81,299.95,296.76,295.98,46575.081433482526
1508889600,288.05,300.97,297,296.76,73849.46926472323
1508803200,280.3,311.7,285.84,296.99,173108.1849816925
1508716800,275.46,295.15,295.14,285.83,130443.02730264737
1508630400,291.81,306.55,300,295.14,62949.25853617261
1508544000,291.38,303.74,303.16,300,116947.61615419475
1508457600,302,311.53,308.02,303.15,93615.80033847933
1508371200,305.34,316.21,313.59,308.02,84535.78998176866
1508284800,287.4,316.53,316.32,313.59,167624.5858583829
1508198400,310.5,334.66,334.33,316.37,117188.32207588466
1508112000,330.84,350,336.89,334.36,140568.92931709837
1508025600,320,341,338.37,336.89,103324.15738362372
1507939200,332.46,347,335.85,338.37,91557.21164748458
1507852800,298.29,345,302.12,335.89,272954.1661594467
1507766400,300.3,307,302,302.12,114002.12065058063
1507680000,297.53,303,297.99,302,45397.393331049636
1507593600,290.23,305,297,297.99,88312.5584727965
1507507200,285.88,309.32,309.2,297,145512.8241224423
1507420800,308.62,313.6,311.12,309.2,44584.580991320145
1507334400,304.57,314.62,307.73,311.12,66524.2599929714
1507248000,294.21,308.5,294.89,307.73,95952.19279726464
1507161600,286.44,296.99,292,294.89,44754.00010260885
1507075200,289.62,295,292.36,292,42408.163376506105
1506988800,287.65,299,296.78,292.36,59958.71095697169
1506902400,293.73,303.5,303.25,296.72,62589.24548424145
1506816000,295.75,303.25,301.57,303.25,42910.47058426907
1506729600,291.25,304.69,291.88,301.57,62093.31886924074
1506643200,278,302.6,302.33,291.88,165276.07130908978
1506556800,298.1,310,309.86,302.33,94872.87426244779
1506470400,288.25,312.75,288.77,309.85,121905.91012242743
1506384000,286,295.48,294.41,288.77,64071.17726997109
1506297600,282.66,296.7,283.21,294.41,90047.67696310772
1506211200,276.23,294.89,286.03,283.21,95448.66822106387
1506124800,260.02,286.63,263.88,286.03,79343.88782780046
1506038400,254.01,272,258.11,263.88,120473.05688254905
1505952000,252.55,286.99,283.55,258.11,211087.143960572
1505865600,278.04,293.71,282.94,283.55,108925.69300683927
1505779200,275.25,301,298,282.8,172904.29533452867
1505692800,259.65,303.78,259.66,298,298148.2419927675
1505606400,240.15,272,255.85,259.66,127514.7477236979
1505520000,247.1,278,260.87,255.84,194274.19114785275
1505433600,202.25,270,223.85,260.88,667614.6047890641
1505347200,221.3,280.75,275.71,223.85,517639.3192338404
1505260800,256.41,294.5,294.5,275.71,330029.40740092215
1505174400,286,316.19,298.47,294.5,193866.55976529664
1505088000,288,307.97,300.34,298.47,131872.39133529726
1505001600,285,306.5,305,300.33,123343.22478541879
1504915200,294,313.87,307.96,304.99,97354.07715521904
1504828800,292.71,335.56,335.56,307.96,299135.9425155342
1504742400,323.26,339.38,339.38,335.56,103175.36266455974
1504656000,319.3,345,320.09,339.38,194959.5389394315
1504569600,290,325,316.87,320.08,318345.3102358336
1504483200,285,353.15,353.06,316.86,458363.97586801974
1504396800,344,372,354.88,353.06,137268.863050237
1504310400,333,393.76,392.87,354.87,293335.49257162935
1504224000,386.98,396.88,389.2,392.87,160640.75668726713
1504137600,381.2,389.97,384.1,389.2,119008.82851470898
1504051200,368.3,392,372.48,384.1,164877.9663400302
1503964800,347.54,374.91,347.54,372.48,172759.36386529083
1503878400,336.35,349.99,348.2,347.54,111495.22073892497
1503792000,332.44,348.2,332.99,348.2,94727.18092537616
1503705600,325.1,334.51,330.14,332.99,64249.838672440295
1503619200,324.38,336.99,324.56,330.14,118400.40049801866
1503532800,316,328,317.5,324.56,77759.2628131697
1503446400,313.72,324.61,314.19,317.5,102640.63582937975
1503360000,292,329.97,322,314.19,200165.56685601716
1503273600,295.27,344.34,297.79,322,312029.8841107956
1503187200,289.5,298.5,293.58,297.79,55102.044074970545
1503100800,287,298.7,292.86,293.58,68015.67500724133
1503014400,287,306.09,300.66,292.87,132161.69301464342
1502928000,298,309.41,300.45,300.67,117913.06770257426
1502841600,280,303.9,286.71,300.45,125516.25956017581
1502755200,267,299.18,299.16,286.71,213475.87755642965
1502668800,294.96,309.35,296.67,299.16,116394.5413323044
1502582400,287,309.95,308.35,296.66,196015.46006707835
1502496000,303.61,319.7,309.65,308.35,175616.00867374594
1502409600,295.79,310,300.51,309.65,131543.26574093927
1502323200,288.34,309.8,295.26,300.51,154431.32113166858
1502236800,276.55,314.71,295.95,295.26,465244.4178707555
1502150400,267,299.45,269.89,295.95,267289.0493040743
1502064000,257.1,274.81,263.97,269.9,168723.43057382462
1501977600,250.99,273,251.86,263.96,239167.7737349629
1501891200,219.54,258.98,220.72,251.85,321010.4572135108
1501804800,219.51,226.82,224,220.72,98579.2446227596
1501718400,217.35,227.53,217.92,224,113156.8745222589
1501632000,215.37,228.8,225.73,217.92,149915.69003092826
1501545600,200.82,232.73,200.83,225.73,435754.60455384175
1501459200,190.78,201.98,196.95,200.82,117870.18456965935
1501372800,193.26,209.9,205.89,196.95,105150.12887104407
1501286400,178.03,209.77,190.99,205.9,273021.6390416944
1501200000,189.34,203.95,202.95,190.72,170490.67156217346
1501113600,198.85,205,203.23,202.94,125511.47063983751
1501027200,193.4,209.89,203.78,203.23,212119.78582583464
1500940800,193,226.59,225.97,203.78,367624.78359486244
1500854400,224,229.99,228.27,225.96,74985.12540112788
1500768000,221.2,234.35,230.69,228.31,115026.49432891453
1500681600,215.1,237.67,216.58,230.69,179561.40058135297
1500595200,208.5,238,226.23,216.6,289938.1718454401
1500508800,194.74,237,194.74,226.06,616538.8573529932
1500422400,186.01,243.9,227.01,194.74,769809.9179280463
1500336000,176.51,249.4,190.87,227.01,871474.8574251948
1500249600,153.25,191.5,155.69,190.87,632198.8290636559
1500163200,130.26,172.3,168.22,155.68,609598.9858684457
1500076800,167,198.97,197.23,167.72,261390.37737053825
1499990400,183.12,206.99,205,197.23,213171.03601057152
1499904000,193.07,227,224.01,205,226680.37750420673
1499817600,181,228.88,190.57,224.04,417507.6374160393
1499731200,175.56,216.5,201.65,190.57,529769.7002523335
1499644800,185.39,240.33,238.4,202.86,398041.7035768844
1499558400,236,253.31,246.65,238.81,71498.4012703692
1499472000,231.25,249.5,241.27,246.64,135553.24613740464
1499385600,235.01,266.97,266.01,241.28,179629.78239179496
1499299200,261.59,275,266.27,266.01,86798.21376898061
1499212800,252.67,274.97,269.18,266.27,166163.8226204599
1499126400,265,282.83,276.37,269.2,109661.92716871103
1499040000,273.07,285,285,276.37,126099.21911843742
1498953600,255.7,293.73,263.12,285,191572.30990719033
1498867200,253.23,281.98,280.03,263.12,179035.6117105705
1498780800,270.5,306.5,292.95,280.04,232751.64446856492
1498694400,286.22,322.9,315.32,292.95,204007.44517217905
1498608000,260.11,323.69,287.27,315.32,401383.40743533376
1498521600,211,288.51,252.97,287.23,469352.8979505172
1498435200,206.5,293,278.49,252.99,572245.6836947209
1498348800,251.3,310,304.5,278.49,263539.2612749602
1498262400,295.55,330.7,326.98,304.5,131625.69129470518
1498176000,316.66,332.95,320.02,326.99,77450.68733617838
1498089600,305,336.68,327.36,320.02,149180.93809542255
1498003200,0.1,352,350.94,325.41,441444.5711846802
